mean = {
1: np.array([25.663, 10.781, 0.649, -0.935, 4.976]),
2: np.array([49.914, 23.439, 0.007, -0.107, 3.661]), #0
3: np.array([12.775, 50.608, 0.881, -2.256, 18.944])} #1

cov = {1: np.array([
[ 1.000, -0.032, -0.842,  0.386, -0.629],
[-0.032,  1.000, -0.098, -0.558,  0.580],
[-0.842, -0.098,  1.000, -0.442,  0.596],
[ 0.386,  -0.558, -0.442,  1.000, -0.710],
[-0.629,  0.580,  0.596, -0.710,  1.000]]),
2: np.array([
[ 1.000,  0.471, -0.959,  0.909, -0.019],
[ 0.471,  1.000, -0.454,  0.437,  0.447],
[-0.959, -0.454,  1.000, -0.947,  0.028],
[ 0.909,  0.437, -0.947,  1.000, -0.044],
[-0.019,  0.447,  0.028, -0.044,  1.000]]),
3: np.array([
[ 1.000,  0.471, -0.959,  0.909, -0.019],
[ 0.471,  1.000, -0.454,  0.437,  0.447],
[-0.959, -0.454,  1.000, -0.947,  0.028],
[ 0.909,  0.437, -0.947,  1.000, -0.044],
[-0.019,  0.447,  0.028, -0.044,  1.000]])}

